# wave ext albedo g
0.09120000000000002 7.258371758370813 0.34081658213090327 0.8380830571048214
0.09669863813274364 6.549388072301307 0.361534978747646 0.8204031405596053
0.1025288006220099 5.944614580259244 0.38406428931874576 0.8050971355333093
0.10871047576241182 5.426871617561323 0.40796500042104833 0.7921923338084146
0.11526485698451598 4.981967377239329 0.43258419228633116 0.7815990012437534
0.12221441551500176 4.598229231903114 0.45699665482225305 0.773068558470572
0.1295829774176527 4.2661390313475005 0.4799323595845477 0.7661410776135235
0.13739580527931017 3.978078682633173 0.49968737072750474 0.760079698816694
0.14567968482084345 3.728217732269334 0.5140559602937125 0.7538066757478858
0.1544630167300755 3.5126318825619203 0.5228671300238026 0.7469412983265555
0.16377591403150768 3.3298807828218764 0.5296453228061424 0.740690416245445
0.16786320613200906 3.263181784310628 0.5308530185694129 0.7382048436220398
0.1720525031995632 3.2029263392108835 0.5296215502865302 0.7356041561143069
0.17634635093265394 3.148901114085354 0.5252746101369881 0.732805804204385
0.18074735856177704 3.102418976208923 0.5184962115272921 0.7299527259849335
0.18525820043498384 3.0654328073644614 0.5103363317822701 0.7272501756898276
0.18988161764299488 3.0404402707228444 0.5017568370421671 0.7248704190651205
0.19462041968487098 3.030158135565268 0.49239472211621904 0.7226507013867981
0.19947748617525368 3.0361763544716256 0.4813187188984024 0.7202757047591969
0.20445576859421263 3.055442521637728 0.4680115876163703 0.7174757835184359
0.20955829208076318 3.074388023681448 0.4550426207216879 0.7144851856500427
0.21478815727114448 3.066639618290391 0.44650725602480895 0.7117698856624372
0.22014854218297406 3.0070609938625625 0.44549916161347636 0.7096644472012478
0.22564270414642526 2.895849462322599 0.4504612976954224 0.7079135590824167
0.2312739817835998 2.7582849900499076 0.45859383266709797 0.7061054198645123
0.23704579703729914 2.6205363005342215 0.4677446053484301 0.7040727785041174
0.24296165725042676 2.4959006705692275 0.47664143062029674 0.7019645872177298
0.2490251572972855 2.3872437101708415 0.4840675993143044 0.6998974132900925
0.25523998176806506 2.29286334153951 0.4893889196135588 0.697715630498765
0.2616099072078463 2.2099655024326355 0.49224710930218485 0.695197318800321
0.27738291391482656 2.0485311742329415 0.49961096605778754 0.6885435182845238
0.2941069080795591 1.9285659767875263 0.5095105529031897 0.6809648707375681
0.31183922671848 1.8278077876661145 0.5109073921899039 0.6722057174244731
0.3306406638162818 1.7271519837373916 0.5086746634953312 0.6636309923892397
0.3505756787537367 1.6413106705119362 0.5041343994919403 0.6554529798494314
0.37171261730206756 1.5571888987138431 0.4991229514879819 0.6479066497305106
0.39412394594153133 1.4744195392642876 0.49600404255727776 0.6412519711220537
0.4178865003075564 1.3970572181272825 0.49538389768088237 0.6354585634693248
0.44308174861621785 1.3204184758806754 0.4964199306188182 0.6302269310427875
0.46979607097218135 1.2307209011209268 0.4978229448696143 0.6250959664509819
0.4981210555167073 1.1467363361134826 0.4979716543653554 0.6194707684903693
0.528153812431035 1.0571496571314793 0.49646869198432486 0.6131135567213594
0.5599973068716843 0.9786511533663456 0.49374021632907183 0.6060050816883551
0.5937607119791227 0.9070433832673994 0.49044896756780054 0.5981437860315718
0.6295597831700595 0.8400101817109697 0.4874323062527377 0.5887111084186476
0.6675172549966022 0.7703313552561084 0.4850305637419775 0.5784805198375557
0.7077632619328816 0.7046655127656656 0.4833541281952627 0.5680336047404064
0.7504357845317758 0.6444032102116282 0.48252355220225107 0.5579349251354729
0.7956811224813573 0.5884051258412795 0.4826102572135008 0.5487621515889209
0.8436543961828952 0.5361280270900552 0.48334917076538825 0.5404236646778883
0.894520078570045 0.4872809279803581 0.48422522328270323 0.5324760584983175
0.9484525589925241 0.44058229763930434 0.4845015143665854 0.5243093649972066
1.0056367410975084 0.3966690390925709 0.4834005457632262 0.5152618615434247
1.0662686767585479 0.3585030700544062 0.48094918619963134 0.5049407403963249
1.1305562382253755 0.3254603540834324 0.47753981111802196 0.4931711770577635
1.1987198307990294 0.2954514325957607 0.4737688563850748 0.4797538492703221
1.2709931484756471 0.2681528228525495 0.470259506911764 0.4647013217362703
1.347623975149596 0.2433020564605751 0.46702665969891766 0.4480843155682906
1.42887503412281 0.22064272485780256 0.46388113592799346 0.43020010442775547
1.5150248888328213 0.19994878937175048 0.4605457731655236 0.41118594828592675
1.606368897887557 0.18102126871504293 0.45674438644501025 0.3911742792273186
1.703220227681174 0.16369743021897265 0.45243933826290705 0.3700371864542866
1.8059109260626212 0.14790848409797946 0.4476565201520605 0.347420585479303
1.9147930607379093 0.1336034435720657 0.4424476571154438 0.3234501186252804
2.030239926309033 0.12066442023969831 0.43796193517464543 0.29791613046728227
2.1526473240877766 0.10898559383731787 0.4348996561190942 0.27036826051940677
2.28243491907218 0.09850525054470377 0.42912333107620027 0.2409365906535931
2.4200476787379257 0.08911582089814962 0.420284669056019 0.20936238224932635
2.5659573985774657 0.0807057407053963 0.4078954430366098 0.17526548333559683
2.7206643196170894 0.07317868342228306 0.391387851520567 0.1386756989991795
2.8846988434574588 0.06645108880551243 0.3698866823024327 0.09937937646009579
3.058623350717509 0.05722871104773132 0.3452474491155971 0.06557390066995258
3.243034129116143 0.05164013002316319 0.3238456131678593 0.04853495957191087
3.4385634178019657 0.046735290139401406 0.3024275570969091 0.03195018431692502
3.6458815749399403 0.042478615563740815 0.2808193919597359 0.022861924853463316
3.8656993759863454 0.03883290953522885 0.25877609718892247 0.01908782664482111
4.09877045053154 0.03575853288626246 0.23678638729307605 0.015171182214211758
4.345893866065046 0.033212585698626396 0.21519997569875987 0.02159322301993351
4.607916867521206 0.03114815407079235 0.19374374853029927 0.031371210430494574
4.885737781997793 0.029513748569923556 0.172551953313727 0.03954144104254889
5.180309098606119 0.02825318891952383 0.1516700826357232 0.04650311390703553
5.492640734011761 0.027306451923629665 0.131251170017442 0.05231052191817094
5.8238034948615205 0.026612560809791116 0.1110840561326217 0.056933366870687625
6.174932748967344 0.02611685398749258 0.08801587031487491 0.06022842228032568
6.547232317833568 0.025787958574384665 0.07681608309759075 0.06268314542521813
6.941978603872725 0.025722075348971002 0.06356598754372517 0.06430488869869365
7.152460606658361 0.025953255492008602 0.05623901703250078 0.0649305247996056
7.3693244605018435 0.026467708662804783 0.04678328692110003 0.06539652021000175
7.592763664241004 0.027385642429209024 0.034473219543809414 0.06564525837789068
7.822977583632215 0.028891190847309327 0.02313573929105886 0.06565770004896117
8.06017162923637 0.03126842077524352 0.014845161195213022 0.06530704560139376
8.304557439698419 0.034950738397275645 0.009495850428870207 0.06431099565704351
8.556353070583965 0.04056336283097839 0.00683530675288653 0.06287830979720352
8.81578318894141 0.04885611888713868 0.005067750878540795 0.06089578335153659
9.083079273763277 0.060203078130876726 0.003752346124256357 0.05768633460831012
9.358479822525535 0.07317004383845656 0.003104675838765983 0.054083440857685405
9.642230563989251 0.08303577004562204 0.002851056368198419 0.05153793537250994
9.934584677454415 0.08453679588352427 0.0027496491163684113 0.04984684865094742
10.235803018661574 0.07792878057717281 0.0026498662113043515 0.048170820203561504
10.546154352542846 0.06795583063496838 0.00265005584418165 0.046702191587979405
10.865915593030008 0.05836634015839895 0.002705317790690719 0.04599703979380387
11.19537205013357 0.05049709131017705 0.0026997146170432453 0.04544072416514246
11.534817684513351 0.04440237764088212 0.002723311646730381 0.04321018081194821
11.884555369767691 0.03976674407950843 0.0027000716384471112 0.04370526469061254
12.244897162675262 0.03626284848302434 0.0027509881791094905 0.04323824383182012
12.61616458163075 0.03364346331577795 0.002734828948453032 0.04299334130767235
12.99868889352267 0.031747653741881696 0.0027986475589516324 0.04295411469227581
13.392811409309422 0.030487156494007114 0.0027487648001652707 0.04290013539921474
13.7988837885572 0.02983076176478423 0.002650352209249692 0.04295011506686812
14.217268353211647 0.02978745301252 0.002446193772532845 0.04300114546305696
14.648338410883017 0.030382701709859725 0.002015921051936234 0.04278996356691766
15.092478587933462 0.03162107226737432 0.0016775135383280551 0.042298646595119824
15.550085172663554 0.03343505697950171 0.001366501114242493 0.04159488667371582
16.02156646890431 0.03563919271857831 0.0011067524283476255 0.040812825791203024
16.50734316033014 0.0379300105840334 0.0009487188698116265 0.03988696128041719
17.007848685817894 0.03996155245544959 0.0007895334618153936 0.03889506718545095
17.523529626186814 0.04146499696476772 0.0006460191186132821 0.03781844130339253
18.054846102664523 0.04232992345227399 0.0005627544646365935 0.036713279015115716
18.60227218743454 0.042598095380165554 0.0005500073436856849 0.03567750744834247
19.166296326631752 0.04239785489400931 0.0004965021608277576 0.03484339318988296
19.747421776163087 0.041876002388492914 0.0004499832381753775 0.03449457759285596
20.3461670507424 0.04115765247703591 0.000449999619948911 0.03444915781922969
20.963066386540167 0.040333396720820015 0.00045038593711204744 0.03434406922433967
21.598670217860793 0.03946173855368715 0.00040075767129547424 0.03425083132642775
22.253545668272825 0.038576782005848756 0.0003996137041572713 0.034000348522460054
22.928277056630407 0.03769603145877786 0.0003500661188382514 0.033896255845223135
23.623466418437335 0.03682654234874027 0.0003499953290446408 0.033628232551111185
24.339734043018893 0.035969250905872045 0.0003550129373283623 0.03356407298649344
25.077719026981008 0.03512183962585003 0.000300063965725919 0.03382379520625437
25.838079844450217 0.03428056361821543 0.00029999976397137294 0.03389964921532409
26.621494934603497 0.03344138247930893 0.0002998024644371918 0.033949961422780395
27.42866330701206 0.03260063989685733 0.0002495911022934058 0.03387278955430718
28.26030516533932 0.03175544919147569 0.00025034563244816525 0.03370360845559692
29.11716254994947 0.03090388418959686 0.00020089165931104068 0.033466236674777106
29.999999999999996 0.030045037348437328 0.000199999314922884 0.03315686467191501
