# wave ext albedo g
0.09120000000000002 6.806043735439099 0.2973538526479778 0.8380830571048214
0.09669863813274364 6.044672779644927 0.3277111996687537 0.8204031405596053
0.1025288006220099 5.411747034685945 0.3592964769060515 0.8050971355333093
0.10871047576241182 4.884989532253671 0.3915300981836482 0.7921923338084146
0.11526485698451598 4.446075434002304 0.42360521168637827 0.7815990012437534
0.12221441551500176 4.08001341420833 0.4544287708008689 0.773068558470572
0.1295829774176527 3.7746682188544587 0.4825493372573804 0.7661410776135235
0.13739580527931017 3.5204354488027167 0.5060688233096852 0.760079698816694
0.14567968482084345 3.310116515572543 0.5225758985166444 0.7538066757478858
0.1544630167300755 3.1391251866659893 0.5316723025927813 0.7469412983265555
0.16377591403150768 3.0063608061358646 0.536532449358291 0.740690416245445
0.16786320613200906 2.9627357690191425 0.5359798198642424 0.7382048436220398
0.1720525031995632 2.9270529167415167 0.5321879353515143 0.7356041561143069
0.17634635093265394 2.899194902466463 0.5244072204052874 0.732805804204385
0.18074735856177704 2.8811287556660936 0.5135581274414308 0.7299527259849335
0.18525820043498384 2.875738992075787 0.501021323711613 0.7272501756898276
0.18988161764299488 2.8867018302686187 0.4880525396378632 0.7248704190651205
0.19462041968487098 2.9180039850102792 0.4741183368416989 0.7226507013867981
0.19947748617525368 2.9719670851396796 0.45791297442772183 0.7202757047591969
0.20445576859421263 3.044104815663367 0.43872340692682943 0.7174757835184359
0.20955829208076318 3.1145652565662214 0.4202404780666942 0.7144851856500427
0.21478815727114448 3.1448726476064612 0.4083340100043398 0.7117698856624372
0.22014854218297406 3.098485701016339 0.40744777673982313 0.7096644472012478
0.22564270414642526 2.9758333769319743 0.4153953533909024 0.7079135590824167
0.2312739817835998 2.8138141662860985 0.42821652328823606 0.7061054198645123
0.23704579703729914 2.650579601878044 0.4427583674828186 0.7040727785041174
0.24296165725042676 2.505539823982321 0.4569765460927499 0.7019645872177298
0.2490251572972855 2.382909610818199 0.468975550117815 0.6998974132900925
0.25523998176806506 2.2802394850307675 0.4781122157173374 0.697715630498765
0.2616099072078463 2.1934801241021082 0.4841838412954427 0.695197318800321
0.27738291391482656 2.0327100577658728 0.4956738675129312 0.6885435182845238
0.2941069080795591 1.915807269277743 0.5066878007829304 0.6809648707375681
0.31183922671848 1.8157570583292006 0.5095771100152976 0.6722057174244731
0.3306406638162818 1.7092357528787216 0.5081764615769307 0.6636309923892397
0.3505756787537367 1.6222268387907532 0.5039674240124876 0.6554529798494314
0.37171261730206756 1.5378646000397493 0.4990755663774419 0.6479066497305106
0.39412394594153133 1.4567750967546111 0.49624220648394424 0.6412519711220537
0.4178865003075564 1.3849254652531928 0.4961604020738529 0.6354585634693248
0.44308174861621785 1.3150767169874604 0.497835989360694 0.6302269310427875
0.46979607097218135 1.2260398629570965 0.4997577514275605 0.6250959664509819
0.4981210555167073 1.14495229541593 0.5000358702340314 0.6194707684903693
0.528153812431035 1.0540222111709145 0.4982430293142247 0.6131135567213594
0.5599973068716843 0.9777138889591127 0.49494714269376744 0.6060050816883551
0.5937607119791227 0.9094445064050483 0.4910251666181515 0.5981437860315718
0.6295597831700595 0.8456578351362258 0.48756812526046156 0.5886456449049454
0.6675172549966022 0.7755065195251224 0.48491737644467614 0.5782961434562066
0.7077632619328816 0.7090064814280265 0.48303203141676454 0.5676891494320242
0.7504357845317758 0.6483048086977324 0.48181528014090846 0.557396881732612
0.7956811224813573 0.5917775931644957 0.4811135367950958 0.5480076690605703
0.8436543961828952 0.5387114182077671 0.4807724598952947 0.5394173285439576
0.894520078570045 0.4887817292882525 0.480585620801587 0.5311662778174938
0.9484525589925241 0.44018407776463986 0.48025239026134847 0.5226170896507231
1.0056367410975084 0.39399406930106523 0.47943228084133044 0.5131162454955895
1.0662686767585479 0.3547745611164358 0.4780188054817847 0.5023253307460538
1.1305562382253755 0.32170721383004947 0.47598428486723177 0.49011400223636453
1.1987198307990294 0.2917718370693658 0.47331490779603064 0.4763428166196057
1.2709931484756471 0.2645939775620123 0.470039153506316 0.46101955471328504
1.347623975149596 0.2399106996928248 0.4663034680580632 0.44416425518056624
1.42887503412281 0.2174744691694818 0.4623503749129388 0.42600371231698286
1.5150248888328213 0.19706414662614166 0.45852847760201715 0.40661985879343865
1.606368897887557 0.17848227917189952 0.455132902831159 0.38608673331579435
1.703220227681174 0.1615587428230678 0.4519962911598318 0.36422175440709725
1.8059109260626212 0.14617872623059108 0.44876079003965086 0.34073519539846653
1.9147930607379093 0.1322438765823259 0.4449188798573346 0.31575689913103233
2.030239926309033 0.11957864743859259 0.4407801657686121 0.2890506873956742
2.1526473240877766 0.10804271899769032 0.4362881080962519 0.2602842118445886
2.28243491907218 0.0975809714211811 0.42846273041418736 0.22960697617737663
2.4200476787379257 0.08811730847513174 0.4172710112181352 0.19675517088722583
2.5659573985774657 0.07957527521247651 0.4025319160396697 0.1614601571418517
2.7206643196170894 0.07188735963175123 0.3838964880073662 0.12384916899088945
2.8846988434574588 0.06499343652609012 0.36046547771192783 0.08374604276653325
3.058623350717509 0.05722871104773132 0.33436425253817276 0.049889994100470125
3.243034129116143 0.05164013002316319 0.3126462761218575 0.03394447790374516
3.4385634178019657 0.046735290139401406 0.2911273615474589 0.018809262943026282
3.6458815749399403 0.042478615563740815 0.26941692944452367 0.01456843213210935
3.8656993759863454 0.03883290953522885 0.2473516457659678 0.017842564012667872
4.09877045053154 0.03575853288626246 0.22546355903271903 0.020315831615512762
4.345893866065046 0.033212585698626396 0.2040487853626752 0.027226989534029595
4.607916867521206 0.03114815407079235 0.18296495747276348 0.03519372778503149
4.885737781997793 0.029513748569923556 0.1623996153992005 0.04163329606777549
5.180309098606119 0.02825318891952383 0.14232558853025484 0.047016106410682594
5.492640734011761 0.027306451923629665 0.12294430193982961 0.0513456064602732
5.8238034948615205 0.026612560809791116 0.10381454714136078 0.05462332038756629
6.174932748967344 0.02611685398749258 0.08028721527827579 0.05667109239706365
6.547232317833568 0.025787958574384665 0.0718454707136483 0.05799034594404631
6.941978603872725 0.025722075348971002 0.05957010633199068 0.05862179383380953
7.152460606658361 0.025953255492008602 0.052526942226902094 0.05877744476864315
7.3693244605018435 0.026467708662804783 0.04347857949726178 0.05880012957876538
7.592763664241004 0.027385642429209024 0.032038480874637294 0.0586588956770307
7.822977583632215 0.028891190847309327 0.022187850966303425 0.058309528325305934
8.06017162923637 0.03126842077524352 0.014777115451584392 0.05770604017142894
8.304557439698419 0.034950738397275645 0.009640795429303411 0.05650286849542031
8.556353070583965 0.04056336283097839 0.006986919309377667 0.0549060329208274
8.81578318894141 0.04885611888713868 0.0052177657087184096 0.052869428192897784
9.083079273763277 0.060203078130876726 0.0038991694918063717 0.04974215883313058
9.358479822525535 0.07317004383845656 0.0032296585857779603 0.04632296698728427
9.642230563989251 0.08303577004562204 0.0029751603013219927 0.043886663595490996
9.934584677454415 0.08453679588352427 0.0028738290995662134 0.04224209352430849
10.235803018661574 0.07792878057717281 0.0027749824912290484 0.040671303771963596
10.546154352542846 0.06795583063496838 0.0027750277890899668 0.03927166017586306
10.865915593030008 0.05836634015839895 0.002802659071728602 0.03857181088284215
11.19537205013357 0.05049709131017705 0.002799702682359455 0.03804239005822052
11.534817684513351 0.04440237764088212 0.002846612302355617 0.036068186926508636
11.884555369767691 0.03976674407950843 0.0028001026348889236 0.036453943589510485
12.244897162675262 0.03626284848302434 0.0028764936170835626 0.03601810888150509
12.61616458163075 0.03364346331577795 0.0028348829424194345 0.03584678058268566
12.99868889352267 0.031747653741881696 0.0028979454266503833 0.03582705707638746
13.392811409309422 0.030487156494007114 0.0028242115295583933 0.035800159628667144
13.7988837885572 0.02983076176478423 0.0027256594511254097 0.035875172438044
14.217268353211647 0.02978745301252 0.0025210838970791795 0.03595080102741009
14.648338410883017 0.030382701709859725 0.0020932856490914796 0.035800518633922696
15.092478587933462 0.03162107226737432 0.0017395670397237911 0.03540052961711174
15.550085172663554 0.03343505697950171 0.001433401982670776 0.034808767911887147
16.02156646890431 0.03563919271857831 0.0011561629849497763 0.03421080258925303
16.50734316033014 0.0379300105840334 0.0009757320137163623 0.033440182692598235
17.007848685817894 0.03996155245544959 0.0008325419624092706 0.03262885013798841
17.523529626186814 0.04146499696476772 0.000667695967786208 0.03179333633422942
18.054846102664523 0.04232992345227399 0.0005979471097285734 0.030870215445880783
18.60227218743454 0.042598095380165554 0.0005750130206121879 0.03004707559772553
19.166296326631752 0.04239785489400931 0.0004965120531696921 0.029370912504044253
19.747421776163087 0.041876002388492914 0.000474998967794311 0.02914802547337761
20.3461670507424 0.04115765247703591 0.00047499939128097017 0.029193202824667315
20.963066386540167 0.040333396720820015 0.0004755789081395148 0.02917205588694797
21.598670217860793 0.03946173855368715 0.00040113475464090715 0.029125324557944785
22.253545668272825 0.038576782005848756 0.00039980666471076896 0.028949714458232943
22.928277056630407 0.03769603145877786 0.00037503306131285376 0.028897783129139737
23.623466418437335 0.03682654234874027 0.00037499313576133415 0.02871375681439422
24.339734043018893 0.035969250905872045 0.0003825194057874996 0.02870152895430436
25.077719026981008 0.03512183962585003 0.00030009594790368985 0.028998175217747064
25.838079844450217 0.03428056361821543 0.0002999998597609908 0.02909947008513818
26.621494934603497 0.03344138247930893 0.00029990123227971433 0.029175136264473833
27.42866330701206 0.03260063989685733 0.00027479525716136207 0.02912287659133268
28.26030516533932 0.03175544919147569 0.0002755178409790863 0.028978327151464183
29.11716254994947 0.03090388418959686 0.00020133748950625216 0.028778390722003184
29.999999999999996 0.030045037348437328 0.0001999989723839113 0.028530957939954922
