# wave ext albedo g
0.09120000000000002 6.353715712507384 0.2538911231650523 0.8380830571048214
0.09669863813274364 5.5399574869885475 0.2938874205898615 0.8204031405596053
0.1025288006220099 4.878879489112645 0.33452866449335716 0.8050971355333093
0.10871047576241182 4.343107446946019 0.3750951959462481 0.7921923338084146
0.11526485698451598 3.910183490765278 0.4146262310864253 0.7815990012437534
0.12221441551500176 3.561797596513545 0.4518608867794848 0.773068558470572
0.1295829774176527 3.283197406361417 0.48516631493021317 0.7661410776135235
0.13739580527931017 3.0627922149722595 0.5124502758918656 0.760079698816694
0.14567968482084345 2.892015298875752 0.5310958367395764 0.7538066757478858
0.1544630167300755 2.7656184907700587 0.5404774751617601 0.7469412983265555
0.16377591403150768 2.6828408294498525 0.5434195759104395 0.740690416245445
0.16786320613200906 2.662289753727657 0.5411066211590718 0.7382048436220398
0.1720525031995632 2.65117949427215 0.5347543204164984 0.7356041561143069
0.17634635093265394 2.6494886908475714 0.5235398306735869 0.732805804204385
0.18074735856177704 2.659838535123264 0.5086200433555695 0.7299527259849335
0.18525820043498384 2.686045176787112 0.4917063156409558 0.7272501756898276
0.18988161764299488 2.7329633898143935 0.47434824223355926 0.7248704190651205
0.19462041968487098 2.8058498344552905 0.45584195156717877 0.7226507013867981
0.19947748617525368 2.907757815807733 0.43450722995704133 0.7202757047591969
0.20445576859421263 3.032767109689006 0.4094352262372886 0.7174757835184359
0.20955829208076318 3.154742489450995 0.3854383354117004 0.7144851856500427
0.21478815727114448 3.223105676922532 0.37016076398387066 0.7117698856624372
0.22014854218297406 3.1899104081701153 0.36939639186616985 0.7096644472012478
0.22564270414642526 3.055817291541349 0.38032940908638235 0.7079135590824167
0.2312739817835998 2.8693433425222894 0.3978392139093742 0.7061054198645123
0.23704579703729914 2.6806229032218662 0.41777212961720717 0.7040727785041174
0.24296165725042676 2.515178977395414 0.43731166156520307 0.7019645872177298
0.2490251572972855 2.3785755114655562 0.45388350092132557 0.6998974132900925
0.25523998176806506 2.267615628522025 0.466835511821116 0.697715630498765
0.2616099072078463 2.176994745771581 0.4761205732887005 0.695197318800321
0.27738291391482656 2.016888941298804 0.49173676896807483 0.6885435182845238
0.2941069080795591 1.90304856176796 0.5038650486626711 0.6809648707375681
0.31183922671848 1.803706328992287 0.5082468278406913 0.6722057174244731
0.3306406638162818 1.6913195220200514 0.5076782596585302 0.6636309923892397
0.3505756787537367 1.60314300706957 0.5038004485330349 0.6554529798494314
0.37171261730206756 1.5185403013656558 0.49902818126690185 0.6479066497305106
0.39412394594153133 1.4391306542449345 0.4964803704106107 0.6412519711220537
0.4178865003075564 1.3727937123791032 0.4969369064668234 0.6354585634693248
0.44308174861621785 1.3097349580942454 0.4992520481025698 0.6302269310427875
0.46979607097218135 1.2213588247932663 0.5016925579855067 0.6250959664509819
0.4981210555167073 1.1431682547183775 0.5021000861027074 0.6194707684903693
0.528153812431035 1.0508947652103497 0.5000173666441246 0.6131135567213594
0.5599973068716843 0.9767766245518799 0.496154069058463 0.6060050816883551
0.5937607119791227 0.9118456295426969 0.4916013656685025 0.5981437860315718
0.6295597831700595 0.851305488561482 0.4877039442681853 0.5885801813912432
0.6675172549966022 0.7806816837941364 0.48480418914737483 0.5781117670748577
0.7077632619328816 0.7133474500903874 0.4827099346382665 0.5673446941236419
0.7504357845317758 0.6522064071838366 0.48110700807956586 0.556858838329751
0.7956811224813573 0.595150060487712 0.47961681637669074 0.5472531865322195
0.8436543961828952 0.5412948093254791 0.4781957490252012 0.538410992410027
0.894520078570045 0.4902825305961468 0.4769460183204708 0.5298564971366702
0.9484525589925241 0.43978585788997526 0.47600326615611155 0.5209248143042395
1.0056367410975084 0.39131909950955956 0.4754640159194346 0.5109706294477544
1.0662686767585479 0.35104605217846535 0.47508842476393803 0.4997099210957829
1.1305562382253755 0.31795407357666655 0.47442875861644157 0.4870568274149656
1.1987198307990294 0.288092241542971 0.4728609592069865 0.4729317839688893
1.2709931484756471 0.2610351322714751 0.4698188001008679 0.45733778769029976
1.347623975149596 0.23651934292507448 0.4655802764172088 0.4402441947928418
1.42887503412281 0.21430621348116105 0.4608196138978841 0.42180732020621026
1.5150248888328213 0.19417950388053284 0.45651118203851077 0.4020537693009505
1.606368897887557 0.1759432896287561 0.4535214192173077 0.3809991874042701
1.703220227681174 0.15942005542716298 0.4515532440567566 0.35840632235990777
1.8059109260626212 0.14444896836320273 0.4498650599272412 0.33404980531763007
1.9147930607379093 0.1308843095925861 0.4473901025992253 0.3080636796367842
2.030239926309033 0.11849287463748687 0.44359839636257886 0.28018524432406616
2.1526473240877766 0.10709984415806276 0.4376765600734096 0.2502001631697705
2.28243491907218 0.09665669229765846 0.4278021297521744 0.2182773617011602
2.4200476787379257 0.08711879605211388 0.4142573533802514 0.18414795952512536
2.5659573985774657 0.07844480971955672 0.39716838904272966 0.14765483094810655
2.7206643196170894 0.07059603584121941 0.3764051244941654 0.1090226389825994
2.8846988434574588 0.06353578424666781 0.35104427312142295 0.0681127090729707
3.058623350717509 0.05722871104773132 0.3234810559607484 0.03420608753098767
3.243034129116143 0.05164013002316319 0.3014469390758557 0.019353996235579464
3.4385634178019657 0.046735290139401406 0.2798271659980086 0.005668341569127539
3.6458815749399403 0.042478615563740815 0.25801446692931146 0.006274939410755383
3.8656993759863454 0.03883290953522885 0.23592719434301307 0.016597301380514635
4.09877045053154 0.03575853288626246 0.21414073077236204 0.025460481016813766
4.345893866065046 0.033212585698626396 0.19289759502659054 0.03286075604812568
4.607916867521206 0.03114815407079235 0.17218616641522766 0.0390162451395684
4.885737781997793 0.029513748569923556 0.15224727748467404 0.043725151093002075
5.180309098606119 0.02825318891952383 0.13298109442478648 0.04752909891432966
5.492640734011761 0.027306451923629665 0.11463743386221721 0.050380691002375466
5.8238034948615205 0.026612560809791116 0.09654503815009985 0.05231327390444495
6.174932748967344 0.02611685398749258 0.07255856024167667 0.05311376251380162
6.547232317833568 0.025787958574384665 0.06687485832970586 0.05329754646287449
6.941978603872725 0.025722075348971002 0.0555742251202562 0.05293869896892541
7.152460606658361 0.025953255492008602 0.048814867421303414 0.052624364737680694
7.3693244605018435 0.026467708662804783 0.04017387207342353 0.05220373894752901
7.592763664241004 0.027385642429209024 0.029603742205465182 0.05167253297617072
7.822977583632215 0.028891190847309327 0.021239962641547993 0.0509613566016507
8.06017162923637 0.03126842077524352 0.014709069707955765 0.050105034741464126
8.304557439698419 0.034950738397275645 0.009785740429736615 0.048694741333797094
8.556353070583965 0.04056336283097839 0.007138531865868804 0.046933756044451276
8.81578318894141 0.04885611888713868 0.005367780538896023 0.04484307303425898
9.083079273763277 0.060203078130876726 0.004045992859356386 0.04179798305795103
9.358479822525535 0.07317004383845656 0.0033546413327899378 0.03856249311688313
9.642230563989251 0.08303577004562204 0.0030992642344455663 0.03623539181847206
9.934584677454415 0.08453679588352427 0.0029980090827640155 0.034637338397669554
10.235803018661574 0.07792878057717281 0.0029000987711537453 0.03317178734036569
10.546154352542846 0.06795583063496838 0.002899999733998283 0.031841128763746715
10.865915593030008 0.05836634015839895 0.0029000003527664847 0.03114658197188043
11.19537205013357 0.05049709131017705 0.0028996907476756643 0.030644055951298578
11.534817684513351 0.04440237764088212 0.0029699129579808534 0.028926193041069057
11.884555369767691 0.03976674407950843 0.0029001336313307364 0.029202622488408426
12.244897162675262 0.03626284848302434 0.0030019990550576347 0.02879797393119006
12.61616458163075 0.03364346331577795 0.002934936936385837 0.02870021985769897
12.99868889352267 0.031747653741881696 0.0029972432943491346 0.02869999946049911
13.392811409309422 0.030487156494007114 0.002899658258951516 0.028700183858119545
13.7988837885572 0.02983076176478423 0.002800966693001127 0.028800229809219886
14.217268353211647 0.02978745301252 0.002595974021625514 0.028900456591763227
14.648338410883017 0.030382701709859725 0.002170650246246725 0.02881107370092773
15.092478587933462 0.03162107226737432 0.0018016205411195273 0.028502412639103657
15.550085172663554 0.03343505697950171 0.0015003028510990589 0.028022649150058476
16.02156646890431 0.03563919271857831 0.0012055735415519271 0.027608779387303026
16.50734316033014 0.0379300105840334 0.001002745157621098 0.026993404104779278
17.007848685817894 0.03996155245544959 0.0008755504630031474 0.026362633090525864
17.523529626186814 0.04146499696476772 0.0006893728169591339 0.02576823136506631
18.054846102664523 0.04232992345227399 0.0006331397548205532 0.02502715187664585
18.60227218743454 0.042598095380165554 0.0006000186975386911 0.024416643747108585
19.166296326631752 0.04239785489400931 0.0004965219455116267 0.023898431818205553
19.747421776163087 0.041876002388492914 0.0005000146974132445 0.02380147335389926
20.3461670507424 0.04115765247703591 0.0004999991626130294 0.023937247830104945
20.963066386540167 0.040333396720820015 0.0005007718791669822 0.024000042549556264
21.598670217860793 0.03946173855368715 0.00040151183798634005 0.023999817789461822
22.253545668272825 0.038576782005848756 0.00039999962526426674 0.02389908039400583
22.928277056630407 0.03769603145877786 0.00040000000378745615 0.023899310413056336
23.623466418437335 0.03682654234874027 0.0003999909424780274 0.02379928107767725
24.339734043018893 0.035969250905872045 0.0004100258742466369 0.02383898492211528
25.077719026981008 0.03512183962585003 0.0003001279300814607 0.024172555229239754
25.838079844450217 0.03428056361821543 0.00029999995555060865 0.02429929095495227
26.621494934603497 0.03344138247930893 0.00030000000012223683 0.024400311106167274
27.42866330701206 0.03260063989685733 0.00029999941202931834 0.024372963628358182
28.26030516533932 0.03175544919147569 0.00030069004951000736 0.02425304584733145
29.11716254994947 0.03090388418959686 0.00020178331970146357 0.024090544769229262
29.999999999999996 0.030045037348437328 0.00019999862984493863 0.023905051207994837
